$SPEC_ID:
count period029
$SPEC_REM:
DET# 4
DETDESC# SE-PHYS-HONS-10 Model 927 SN 7149529 Input 2
AP# Maestro Version 7.01
$DATE_MEA:
09/18/2020 14:01:23
$MEAS_TIM:
599 600
$DATA:
0 511
       0
       0
       0
       0
      43
     435
     275
     228
     203
     231
     187
     209
     204
     245
     253
     253
     276
     311
     348
     363
     406
     502
     568
     661
     784
     896
     962
    1045
    1051
    1027
    1070
    1032
    1037
    1016
     856
     902
     956
     881
     921
     889
     880
     874
     873
     841
     816
     768
     821
     823
     747
     769
     737
     700
     690
     675
     708
     642
     662
     608
     585
     584
     559
     552
     498
     531
     560
     485
     556
     499
     468
     475
     461
     448
     454
     429
     405
     443
     402
     378
     378
     378
     336
     340
     341
     345
     362
     321
     300
     252
     274
     255
     278
     250
     254
     250
     207
     271
     242
     224
     213
     232
     202
     235
     200
     189
     182
     170
     155
     186
     172
     171
     174
     162
     169
     211
     183
     148
     164
     150
     142
     136
     124
     140
     134
     138
     120
     111
     123
     121
     120
     108
     132
     113
     128
     114
     100
     103
      93
      98
     102
     113
      97
      91
      91
      83
      90
      85
      99
      79
      89
      78
      83
      97
      82
      80
      85
      69
      82
      66
      84
      92
      82
      61
      61
      63
      60
      79
      70
      68
      71
      60
      57
      62
      77
      70
      50
      65
      62
      59
      60
      70
      57
      61
      51
      48
      48
      64
      51
      62
      61
      61
      59
      62
      74
      57
      70
      70
      68
      60
      78
      44
      75
      68
      62
      66
      75
      71
      91
      74
      72
      74
      67
      79
      85
      85
      78
      75
      92
      80
      87
      81
      81
      54
      64
      56
      55
      57
      51
      48
      49
      46
      45
      33
      26
      30
      19
      37
      27
      32
      26
      21
      30
      29
      31
      21
      26
      25
      29
      24
      30
      30
      23
      20
      23
      20
      25
      15
      23
      24
      20
      24
      27
      20
      21
      19
      19
      25
      27
      24
      17
      22
      23
      24
      18
      21
      33
      20
      27
      21
      26
      22
      16
      21
      11
      18
      15
      21
      25
      27
      27
      13
      17
      19
      30
      19
      22
      18
      26
      30
      19
      21
      17
      26
      27
      26
      29
      33
      14
      25
      18
      28
      22
      29
      19
      25
      22
      18
      13
      17
      18
      19
      17
      15
      11
      20
      24
      16
      21
      14
      13
      15
      21
      14
      19
      22
      13
      10
      11
      18
      16
      16
      11
      18
      17
      11
      10
      12
      13
      17
      18
      19
      20
      17
      14
      18
      20
      12
      19
      17
      20
      20
      11
      18
      18
      17
      16
      18
      19
      19
       8
      18
      21
      12
      10
      14
      14
      13
       9
      10
      10
      15
      16
      17
      17
      10
      10
      14
      17
       8
      19
       9
      10
      16
      18
      10
       5
      12
      12
      11
       8
      16
       7
       9
      11
      10
       9
      12
       9
       8
       4
      10
       9
      12
       4
       9
       3
       9
      10
       8
       7
       6
       8
       3
       7
       5
       7
      12
       8
       9
       3
       5
       6
       4
       8
       8
       9
       7
      12
      12
      11
      12
      16
      13
      14
      15
      11
      24
      12
      16
      12
      21
      18
      13
      10
      12
      12
      18
      21
      19
      18
      12
      23
      16
      20
      23
      18
      15
      20
      19
      15
      19
       4
      18
      13
      11
      10
      16
      17
      13
      10
      10
       6
       7
      11
       7
       8
      10
      10
      11
       8
       0
       0
       0
       0
       0
       0
       0
       0
       0
       0
       0
       0
       0
       0
       0
       0
       0
       0
       0
       0
       0
       0
       0
$ROI:
1
496 506
$PRESETS:
Live Time
600
0
$ENER_FIT:
0.000000 0.003079
$MCA_CAL:
3
0.000000E+000 3.079070E-003 0.000000E+000 MeV
$SHAPE_CAL:
3
0.000000E+000 0.000000E+000 0.000000E+000
