$SPEC_ID:
count period029
$SPEC_REM:
DET# 4
DETDESC# SE-PHYS-HONS-10 Model 927 SN 7149529 Input 2
AP# Maestro Version 7.01
$DATE_MEA:
09/18/2020 12:18:25
$MEAS_TIM:
595 600
$DATA:
0 511
       0
       0
       3
       1
     302
    2321
    2170
    2196
    2252
    2289
    2336
    2320
    2268
    2346
    2421
    2359
    2479
    2579
    2666
    2747
    2862
    3124
    3343
    3571
    3633
    3799
    3968
    3993
    4013
    4077
    3776
    3502
    3545
    3418
    3314
    3142
    3336
    3194
    3227
    3167
    3234
    3189
    3079
    3234
    3163
    3093
    3184
    3194
    3221
    3125
    3297
    3209
    3109
    3271
    3161
    3360
    3214
    3295
    3482
    3380
    3466
    3494
    3597
    3631
    3743
    3878
    3763
    3858
    3786
    3666
    3654
    3714
    3585
    3514
    3432
    3383
    3433
    3256
    3217
    3152
    3236
    3042
    3042
    3012
    2993
    2995
    3023
    2913
    2764
    2838
    2889
    2763
    2726
    2679
    2846
    2779
    2742
    2699
    2633
    2746
    2640
    2773
    2648
    2652
    2622
    2671
    2575
    2548
    2563
    2626
    2551
    2577
    2637
    2713
    2514
    2587
    2599
    2530
    2547
    2537
    2580
    2540
    2611
    2546
    2625
    2625
    2594
    2598
    2633
    2619
    2563
    2612
    2643
    2719
    2711
    2618
    2704
    2625
    2677
    2701
    2573
    2682
    2707
    2733
    2572
    2468
    2360
    2543
    2384
    2337
    2261
    2181
    2028
    1938
    1954
    1800
    1708
    1584
    1549
    1512
    1522
    1357
    1403
    1346
    1281
    1168
    1192
    1185
    1204
    1199
    1064
    1096
    1118
    1150
    1098
    1027
    1072
    1078
     998
     983
     984
    1020
     991
    1031
     982
    1018
    1017
    1045
    1050
    1094
    1058
    1095
    1288
    1329
    1506
    1565
    1864
    2050
    2345
    2754
    3147
    3520
    4209
    4690
    5393
    6055
    6575
    7297
    7992
    8641
    9279
    9789
   10235
   10432
   10651
   10582
   10419
   10328
    9806
    9431
    8893
    8164
    7507
    6959
    6120
    5375
    4697
    4009
    3392
    2897
    2387
    1902
    1472
    1285
    1037
     823
     576
     440
     374
     287
     204
     167
     118
     106
      77
      60
      55
      49
      35
      48
      27
      37
      36
      33
      28
      20
      38
      23
      45
      45
      24
      36
      24
      31
      24
      27
      24
      29
      22
      32
      19
      30
      17
      24
      30
      29
      23
      23
      23
      25
      18
      26
      33
      21
      21
      25
      31
      24
      30
      30
      23
      26
      33
      31
      23
      24
      24
      23
      29
      26
      25
      24
      22
      27
      24
      23
      24
      29
      25
      22
      27
      19
      31
      27
      12
      12
      21
      20
       9
      22
      26
      20
      21
      19
      16
      23
      23
      19
      24
      13
      14
      22
      29
      21
       9
      13
      12
      17
      14
      13
      19
      16
      28
      19
      13
       7
      13
      13
      23
      24
      19
      17
      22
      22
      18
      16
      16
      18
      27
      19
      18
      10
      17
      18
      17
      21
      29
      13
      15
      18
      13
      19
      18
      22
      16
      18
      20
      16
       7
      13
      14
      16
      10
      15
       8
      11
       9
      17
      12
      15
      11
      16
      14
      10
      17
      10
      11
       4
      13
       6
       4
      13
      12
      13
      15
      13
       9
      11
      10
       7
       7
       3
      10
       5
      11
       6
      11
       5
       5
       8
      10
       4
       6
       7
       8
       5
      12
      11
       8
       7
       7
      10
      15
       7
      13
      10
       9
      10
       8
       9
      15
      19
      17
      13
      18
      21
      17
      16
      22
      24
      16
      16
      17
      18
      15
      21
      17
      23
      14
      24
      23
      17
      25
      15
      23
      13
      18
      19
      21
      21
      11
      26
      15
      18
      14
      16
      12
       8
      11
      11
       9
      10
      13
       5
       3
       5
       8
       5
       6
       0
       1
       0
       0
       0
       0
       0
       0
       0
       0
       0
       0
       0
       0
       0
       0
       0
       0
       0
       0
       0
       0
       0
$ROI:
1
496 506
$PRESETS:
Live Time
600
0
$ENER_FIT:
0.000000 0.003079
$MCA_CAL:
3
0.000000E+000 3.079070E-003 0.000000E+000 MeV
$SHAPE_CAL:
3
0.000000E+000 0.000000E+000 0.000000E+000
